60 119
6 20
26 34
39 43
22 34
30 19
35 34
33 34
23 34
46 34
8 34
21 7
36 29
10 32
7 22
31 2
39 34
41 34
17 58
54 30
6 34
17 34
59 15
52 34
45 38
25 14
59 23
17 52
38 34
13 40
21 33
59 34
26 33
45 34
19 34
40 2
44 34
2 34
5 34
5 18
49 34
31 4
4 34
28 34
14 34
49 23
43 34
31 34
13 10
38 47
0 43
36 55
53 6
57 34
32 34
54 34
27 34
46 30
3 34
50 56
11 15
29 4
51 34
55 34
30 34
23 6
42 6
9 34
56 34
5 3
53 34
30 23
48 34
13 34
0 34
15 34
22 37
18 34
38 37
0 16
2 10
24 34
33 58
42 34
35 52
25 23
50 5
50 45
36 34
56 12
46 41
40 34
25 34
53 59
47 34
48 42
13 11
41 25
30 59
9 35
50 34
1 34
56 41
37 34
39 49
29 34
7 34
37 19
12 34
5 20
11 34
21 34
50 13
20 34
1 25
10 34
56 10
16 34
14 1
58 34
120 34
29
33
4
5
8
20
47
54
5
37
13
23
32
47
56
13
24
3
1
59
5
53
40
45
15
42
21
1
42
39
59
5
2
33
22
15
42
10
33
9
32
20
26
37
34
21
4
36
46
17
51
9
56
11
12
49
29
24
12
56
42
22
13
55
19
22
45
42
3
50
53
12
54
35
3
3
23
19
39
31
15
58
13
31
25
13
46
23
49
40
5
45
20
36
47
18
54
21
53
28
38
25
29
23
9
32
25
37
34
13
43
6
44
1
6
57
36
0
58
49
