40 121
8 3
11 28
4 7
4 27
32 20
29 2
36 31
28 34
3 12
4 35
15 25
27 13
2 0
16 34
39 29
30 12
28 9
20 7
7 28
6 22
38 32
18 20
30 1
14 1
20 4
16 11
11 32
30 21
18 1
27 23
18 31
28 5
28 20
27 18
9 23
4 10
29 32
32 14
26 16
6 38
29 11
1 3
21 28
30 26
12 15
19 10
33 21
24 36
32 8
9 37
23 13
15 31
29 14
16 35
20 13
5 16
38 15
15 13
19 18
39 13
28 2
7 2
22 4
39 34
22 37
13 28
10 24
13 25
3 14
17 4
39 14
28 24
25 10
4 32
10 2
0 14
31 27
34 4
12 3
13 26
25 15
19 21
17 15
34 0
15 19
13 38
33 0
18 28
11 39
1 12
27 15
0 22
10 4
10 37
16 15
28 23
32 5
2 31
0 17
15 39
14 13
38 1
23 37
5 10
13 31
39 31
6 7
3 25
1 23
7 22
9 35
19 2
8 30
7 38
37 17
36 24
38 14
35 1
35 4
38 23
13 4
80 4
22
15
18
8
39
7
21
35
22
15
17
3
4
23
18
14
31
1
14
16
5
8
28
16
18
18
13
18
5
16
15
24
32
1
14
19
35
10
0
18
10
7
0
33
34
1
27
26
22
38
13
39
14
16
37
30
37
23
16
22
38
18
11
20
6
38
36
21
25
19
18
30
12
10
24
36
10
21
33
23
