80 176
51 31
9 38
41 37
14 70
35 58
40 2
67 61
14 74
23 33
22 5
10 53
40 4
78 16
50 17
43 20
35 13
49 66
1 10
32 20
76 40
54 68
67 11
9 8
36 5
3 53
59 76
34 32
20 28
37 42
77 26
0 61
69 31
45 62
21 38
52 37
38 20
56 2
24 45
55 69
58 29
32 26
75 62
38 24
68 59
9 37
11 15
21 19
27 11
36 9
73 8
18 43
0 54
15 14
69 13
31 48
48 76
74 52
3 16
71 26
33 36
66 41
55 38
16 37
46 66
30 57
24 50
68 78
19 27
52 24
17 56
54 64
79 14
65 16
18 58
76 45
76 4
69 28
2 58
4 40
77 60
47 33
63 50
26 16
66 12
7 20
66 43
31 24
2 71
26 14
37 44
53 7
23 52
57 39
29 66
23 10
28 43
70 55
73 34
45 7
39 67
6 0
25 55
41 27
77 30
36 26
20 31
60 49
52 58
32 33
39 31
64 43
41 45
30 29
6 49
30 53
63 9
67 25
0 30
47 69
37 12
76 43
14 67
4 49
3 6
23 11
17 60
11 45
33 64
49 15
16 22
42 18
6 61
50 51
74 77
8 70
31 37
72 20
62 23
22 54
56 7
75 69
71 14
70 53
70 42
5 66
77 57
47 45
44 37
73 32
35 19
18 12
39 52
62 9
20 75
13 46
32 66
32 14
49 77
15 51
77 70
71 9
53 13
47 4
26 68
48 36
53 67
23 50
10 20
68 22
6 72
49 24
61 54
61 68
79 52
1 60
61 73
160 12
67
70
23
63
74
61
68
33
1
23
50
15
78
63
53
29
73
66
42
15
68
66
47
6
74
36
56
40
63
27
32
47
47
59
46
65
24
30
20
45
23
58
66
4
27
34
27
0
41
76
26
8
1
61
56
49
40
21
34
65
38
16
13
74
13
9
73
49
15
74
0
52
61
70
36
62
22
77
31
25
4
74
71
54
67
45
46
62
67
47
0
54
64
25
31
34
11
9
41
67
39
58
31
52
61
63
50
75
11
1
2
21
28
60
70
73
8
78
57
30
79
56
55
27
3
59
40
54
34
68
78
44
12
40
61
3
18
3
27
64
42
65
57
17
48
28
11
31
78
19
66
21
42
23
53
31
44
66
31
22
