100 302
54 83
58 56
4 72
96 33
72 52
21 20
44 27
88 12
42 2
48 6
80 4
49 19
37 18
19 74
8 25
53 20
91 76
88 47
92 98
55 20
69 44
66 75
59 83
67 22
98 85
84 75
76 97
34 4
11 15
37 39
32 21
90 6
20 15
5 39
43 14
42 92
36 79
80 76
77 62
6 81
65 85
93 98
6 59
51 24
32 45
51 58
66 13
39 46
45 73
52 71
29 99
5 12
71 23
80 33
80 97
59 98
34 62
48 54
59 87
16 29
58 14
68 73
75 20
18 52
90 91
16 51
60 71
29 5
4 41
33 6
17 9
73 99
27 42
83 32
57 48
76 9
20 18
86 44
45 2
6 98
84 71
69 74
1 70
85 60
54 23
5 98
32 31
32 1
56 66
91 18
39 1
97 56
55 60
18 30
35 88
22 99
72 59
36 38
89 59
19 37
81 89
17 4
88 4
88 52
63 31
52 12
90 27
48 62
91 84
30 56
38 95
13 59
37 96
97 61
58 38
96 92
57 94
44 29
73 16
90 62
19 93
5 6
99 10
75 68
45 40
67 92
18 15
63 84
24 18
92 62
98 90
61 74
20 6
50 1
41 64
9 47
68 67
55 6
56 2
37 69
44 40
79 2
81 15
26 97
87 44
83 44
48 81
0 30
48 71
28 63
69 48
28 66
94 43
13 77
36 51
50 62
3 61
72 14
85 47
91 45
18 5
40 35
32 43
36 62
25 89
39 13
6 87
18 19
74 20
52 6
14 84
53 95
36 66
31 17
10 45
72 82
96 71
98 40
72 53
12 75
18 90
16 74
94 98
7 33
82 65
33 76
46 96
2 97
49 88
8 56
88 46
52 83
34 76
91 52
47 30
48 64
22 76
20 22
86 11
33 53
3 27
32 92
11 26
47 34
32 26
5 51
29 48
96 38
8 65
4 57
94 75
32 84
11 47
35 55
92 73
34 52
14 73
85 55
45 59
3 18
42 46
89 49
38 80
31 38
22 1
18 22
68 6
21 52
62 51
31 97
8 74
68 65
27 75
89 53
3 81
64 73
27 10
74 14
95 73
32 90
4 66
62 84
9 39
66 58
28 61
47 96
76 49
31 92
69 37
1 79
38 90
59 0
43 88
42 21
85 24
8 40
80 96
48 63
5 2
74 15
72 9
68 88
69 1
59 39
7 54
68 53
78 92
23 9
2 20
49 91
82 99
38 79
22 74
86 97
21 58
63 98
81 79
87 16
11 53
82 50
81 16
15 19
7 19
14 83
70 69
6 46
67 60
42 20
26 9
10 89
74 63
2 34
13 89
42 68
75 55
71 34
39 25
0 45
86 52
60 40
0 32
87 80
200 98
40
74
97
21
73
38
5
58
24
28
53
63
62
4
56
87
11
82
85
69
39
85
13
24
70
88
75
23
46
56
34
85
81
3
96
11
54
48
81
24
30
92
64
2
41
2
31
91
44
35
69
80
50
26
65
46
64
77
10
13
31
60
48
92
78
6
22
90
34
70
87
22
52
16
18
66
69
34
61
3
72
7
88
49
2
62
23
46
60
41
12
10
97
76
44
30
98
64
91
9
77
41
21
54
5
98
50
1
49
42
65
26
25
6
12
36
28
5
13
62
35
97
44
48
46
94
71
62
3
22
56
65
7
16
21
42
38
76
30
74
71
16
26
2
99
75
25
98
34
12
36
89
60
20
80
30
30
65
27
21
26
29
44
50
31
98
92
56
80
30
51
1
6
63
34
40
88
82
12
31
29
2
48
0
91
62
0
37
11
72
70
59
25
31
44
90
86
80
7
96
